0.0
0.31622776601683794
0.4472135954999579
0.5477225575051661
0.6324555320336759
0.7071067811865476
0.7745966692414834
0.8366600265340756
0.8944271909999159
0.9486832980505138
1.0
1.0488088481701516
1.0954451150103321
1.140175425099138
1.1832159566199232
1.224744871391589
1.2649110640673518
1.3038404810405297
1.3416407864998738
1.378404875209022
1.4142135623730951
1.449137674618944
1.4832396974191326
1.51657508881031
1.5491933384829668
1.5811388300841898
1.61245154965971
1.6431676725154984
1.6733200530681511
1.70293863659264
1.7320508075688772
1.760681686165901
1.7888543819998317
1.816590212458495
1.8439088914585775
1.8708286933869707
1.8973665961010275
1.9235384061671346
1.9493588689617927
1.9748417658131499
2.0
2.0248456731316584
2.04939015319192
2.073644135332772
2.0976176963403033
2.1213203435596424
2.1447610589527217
2.16794833886788
2.1908902300206643
2.2135943621178655
2.23606797749979
2.258317958127243
2.280350850198276
2.3021728866442674
2.32379000772445
2.345207879911715
2.3664319132398464
2.3874672772626644
2.4083189157584592
2.4289915602982237
2.449489742783178
2.4698178070456938
2.4899799195977463
2.5099800796022267
2.5298221281347035
2.5495097567963922
2.569046515733026
2.588435821108957
2.6076809620810595
2.6267851073127395
2.6457513110645907
2.6645825188948455
2.6832815729997477
2.701851217221259
2.7202941017470885
2.7386127875258306
2.756809750418044
2.7748873851023217
2.792848008753788
2.8106938645110393
2.8284271247461903
2.8460498941515415
2.8635642126552705
2.8809720581775866
2.898275349237888
2.9154759474226504
2.932575659723036
2.949576240750525
2.9664793948382653
2.9832867780352594
3.0
3.0166206257996713
3.03315017762062
3.0495901363953815
3.0659419433511785
3.082207001484488
3.0983866769659336
3.1144823004794873
3.1304951684997055
3.146426544510455